1 3
1.29 109.599
1.58 85.9679
1.87 28.2398
2.16 -21.5604
2.45 -50.4942
2.74 -59.4899
3.03 -54.6292
3.32 -42.6004
3.61 -28.694
3.9 -16.2467
4.19 -6.82127
4.48 -0.684412
4.77 2.66919
5.06 4.07414
5.35 4.38052
5.64 4.27125
5.93 4.18852
6.22 4.33809
6.51 4.73986
6.8 5.29802
7.09 5.87064
7.38 6.3261
7.67 6.57999
7.96 6.61147
8.25 6.46163
8.54 6.21849
8.83 5.99426
9.12 5.90044
9.41 6.02517
9.7 6.41647
9.99 7.07311
10.28 7.94376
10.57 8.93378
10.86 9.91806
11.15 10.7577
11.44 11.3183
11.73 11.487
12.02 11.1874
12.31 10.3889
12.6 9.11148
12.89 7.42473
13.18 5.44105
13.47 3.30492
13.76 1.17882
14.05 -0.772446
14.34 -2.39736
14.63 -3.57172
14.92 -4.20981
15.21 -4.27152
15.5 -3.76514
15.79 -2.74541
16.08 -1.30733
16.37 0.423675
16.66 2.30407
16.95 4.18584
17.24 5.93011
17.53 7.41927
17.82 8.56674
18.11 9.32313
18.4 9.67866
18.69 9.66134
18.98 9.33145
19.27 8.77291
19.56 8.08251
19.85 7.35824
20.14 6.68815
20.43 6.14083
20.72 5.75878
21.01 5.5554
21.3 5.51596
21.59 5.60239
21.88 5.76128
22.17 5.93409
22.46 6.06783
22.75 6.12483
23.04 6.0898
23.33 5.97276
23.62 5.80706
23.91 5.64231
24.2 5.53289
24.49 5.52403
24.78 5.63777
25.07 5.86229
25.36 6.14786
25.65 6.41223
25.94 6.55695
26.23 6.49361
26.52 6.17598
26.81 5.63004
27.1 4.97044
27.39 4.3893
27.68 4.10419
27.97 4.25886
28.26 4.78683
28.55 5.28023
28.84 4.96134
29.13 2.94218
29.42 -0.908613
29.71 -3.97714
30 3
